W 0.045455 0.100000 0.068182 0.038462
W 0.045455 0.100000 0.095455 0.230769
W 0.095455 0.230769 0.086364 0.346154
W 0.086364 0.346154 0.045455 0.484615
W 0.045455 0.484615 0.054545 0.653846
W 0.054545 0.653846 0.136364 0.792308
W 0.136364 0.792308 0.136364 0.830769
W 0.236364 0.830769 0.281818 0.792308
W 0.068182 0.038462 0.136364 0.061538
W 0.136364 0.061538 0.281818 0.215385
W 0.281818 0.215385 0.345455 0.323077
W 0.422727 0.153846 0.377273 0.223077
W 0.377273 0.223077 0.340909 0.353846
W 0.340909 0.353846 0.331818 0.423077
W 0.331818 0.423077 0.324545 0.500000
W 0.324545 0.500000 0.327273 0.569231
W 0.327273 0.569231 0.368182 0.615385
W 0.368182 0.615385 0.431818 0.651385
W 0.954545 0.100000 0.931818 0.038462
W 0.954545 0.100000 0.904545 0.230769
W 0.904545 0.230769 0.913636 0.346154
W 0.913636 0.346154 0.954545 0.484615
W 0.954545 0.484615 0.945455 0.653846
W 0.945455 0.653846 0.863636 0.792308
W 0.863636 0.792308 0.863636 0.830769
W 0.763636 0.830769 0.718182 0.792308
W 0.931818 0.038462 0.863636 0.061538
W 0.863636 0.061538 0.718182 0.215385
W 0.718182 0.215385 0.654545 0.323077
W 0.577273 0.153846 0.622727 0.223077
W 0.622727 0.223077 0.659091 0.353846
W 0.668182 0.423077 0.675455 0.500000
W 0.675455 0.500000 0.672727 0.569231
W 0.672727 0.569231 0.631818 0.615385
W 0.631818 0.615385 0.568182 0.651385
W 0.425 0.525 0.45 0.54
W 0.45 0.54 0.475 0.525
W 0.525 0.525 0.55 0.54
W 0.55 0.54 0.575 0.525
W 0.44 0.67 0.45 0.73
W 0.45 0.73 0.49 0.79
W 0.49 0.79 0.48 0.83
W 0.57 0.65 0.57 0.68
W 0.57 0.68 0.56 0.75
W 0.56 0.75 0.5 0.9
W 0.5 0.9 0.49 0.92
W 0.49 0.92 0.46 0.87
W 0.5 0.15 0.5 0.08
W 0.5 0.15 0.525 0.1
W 0.5 0.15 0.48 0.1
T 0.8 0.8
J 0.2 0.2