W 0.2 0.3 0.4 0.3
W 0.4 0.3 0.4 0.8
W 0.4 0.8 0.2 0.8
W 0.2 0.68 0.2 0.4
W 0.2 0.74 0.2 0.8
W 0.2 0.4 0.35 0.4
W 0.25 0.7 0.4 0.7
W 0.27 0.47 0.27 0.62
W 0.27 0.62 0.25 0.62
W 0.25 0.62 0.25 0.59
W 0.27 0.47 0.35 0.47
W 0.35 0.47 0.35 0.62
W 0.35 0.62 0.33 0.62
W 0.33 0.62 0.33 0.59
W 0.3 0.8 0.3 0.9
W 0.3 0.9 0.1 0.9
W 0.1 0.9 0.1 0.65
W 0.1 0.55 0.1 0.15
W 0.1 0.15 0.6 0.15
W 0.65 0.15 0.75 0.15
W 0.75 0.15 0.75 0.3
W 0.65 0.3 0.85 0.3
W 0.65 0.3 0.65 0.6
W 0.85 0.3 0.85 0.6
W 0.62 0.6 0.68 0.6
W 0.82 0.6 0.88 0.6
W 0.82 0.6 0.82 0.75
W 0.88 0.6 0.88 0.75
W 0.68 0.6 0.68 0.75
W 0.62 0.6 0.62 0.75
J 0.75 0.7
T 0.5 0