W 0.4 0.2 0.5 0.2
W 0.55 0.2 0.6 0.2
W 0.4 0.2 0.4 0.25
W 0.6 0.2 0.6 0.25
W 0.4 0.25 0.35 0.25
W 0.35 0.25 0.35 0.4
W 0.35 0.5 0.35 0.6
W 0.35 0.6 0.55 0.6
W 0.6 0.6 0.65 0.6
W 0.65 0.6 0.65 0.25
W 0.65 0.25 0.6 0.25
W 0.62 0.6 0.62 0.65
W 0.38 0.6 0.38 0.65
W 0.7 0.65 0.45 0.65
W 0.4 0.65 0.3 0.65
W 0.3 0.65 0.3 0.85
W 0.3 0.95 0.3 1
W 0.7 0.65 0.7 0.73
W 0.7 0.8 0.7 1
W 0.42 0.5 0.58 0.5
W 0.42 0.5 0.42 0.45
W 0.58 0.5 0.58 0.45
W 0.45 0.33 0.45 0.27
W 0.45 0.27 0.48 0.27
W 0.48 0.27 0.48 0.33
W 0.52 0.33 0.52 0.27
W 0.52 0.27 0.55 0.27
W 0.55 0.27 0.55 0.33
W 0.7 0.73 0.76 0.73
W 0.76 0.73 0.76 0.8
W 0.76 0.85 0.76 1
W 0.3 0.73 0.24 0.73
W 0.24 0.73 0.24 0.9
T 0.2 0.3
J 0.6 0.7