W 0.137500 0.238462 0.075000 0.438462
W 0.137500 0.238462 0.068750 0.338462
W 0.137500 0.238462 0.33 0.19
W 0.39 0.16 0.593750 0.123077
W 0.137500 0.238462 0.3 0.32
W 0.35 0.35 0.475000 0.384615
W 0.068750 0.338462 0.112500 0.323077
W 0.075000 0.438462 0.23 0.51
W 0.28 0.53 0.412500 0.592308
W 0.412500 0.592308 0.475000 0.384615
W 0.475000 0.384615 0.475000 0.623077
W 0.475000 0.724615 0.475000 0.923077
W 0.475000 0.384615 0.562500 0.630769
W 0.475000 0.384615 0.668750 0.307692
W 0.735000 0.254615 0.868750 0.207692
W 0.868750 0.207692 0.925000 0.407692
W 0.868750 0.207692 0.593750 0.123077
W 0.593750 0.123077 0.593750 0.230769
W 0.593750 0.293077 0.593750 0.330769
W 0.562500 0.630769 0.705000 0.537692
W 0.762500 0.500769 0.925000 0.407692
W 0.143750 0.469231 0.143750 0.56
W 0.143750 0.66 0.143750 0.707692
W 0.143750 0.707692 0.481250 0.923077
W 0.481250 0.923077 0.768750 0.726154
W 0.821250 0.683077 0.868750 0.646154
W 0.868750 0.615385 0.868750 0.446154
T 0.8 0.8
J 0.2 0.8