W 0.1 0.1 0.2 0.1
W 0.3 0.1 0.9 0.1
W 0.9 0.1 0.9 0.8
W 0.9 0.9 0.1 0.9
W 0.1 0.9 0.1 0.1
W 0.47 0.2 0.53 0.2
W 0.47 0.3 0.53 0.3
W 0.47 0.4 0.53 0.4
W 0.15 0.5 0.3 0.5
W 0.35 0.5 0.7 0.5
W 0.47 0.6 0.53 0.6
W 0.47 0.7 0.53 0.7
W 0.47 0.8 0.53 0.8
W 0.5 0.1 0.5 0.4
W 0.5 0.6 0.5 0.9
W 0.15 0.45 0.15 0.55
W 0.65 0.35 0.65 0.65
W 0.65 0.35 0.75 0.35
W 0.65 0.65 0.75 0.65
W 0.7 0.45 0.7 0.55
W 0.7 0.45 0.8 0.45
W 0.8 0.45 0.8 0.55
W 0.8 0.55 0.75 0.55
W 0.5 0.15 0.27 0.15
W 0.18 0.15 0.21 0.15
W 0.18 0.15 0.18 0.6
W 0.18 0.7 0.18 0.85
W 0.18 0.85 0.5 0.85
T 0.8 0.8
J 0.3 0.3