W 0.1 0.35 0.2 0.35
W 0.13 0.45 0.17 0.45
W 0.1 0.55 0.2 0.55
W 0.13 0.65 0.17 0.65
W 0.15 0.65 0.15 0.9
W 0.15 0.9 0.45 0.9
W 0.35 0.9 0.35 0.6
W 0.33 0.6 0.37 0.6
W 0.33 0.6 0.33 0.5
W 0.37 0.6 0.37 0.5
W 0.33 0.4 0.33 0.35
W 0.37 0.4 0.37 0.35
W 0.37 0.35 0.33 0.35
W 0.35 0.35 0.35 0.2
W 0.5 0.9 0.9 0.9
W 0.65 0.9 0.65 0.6
W 0.63 0.6 0.67 0.6
W 0.63 0.6 0.63 0.5
W 0.67 0.6 0.67 0.5
W 0.63 0.4 0.63 0.35
W 0.67 0.4 0.67 0.35
W 0.67 0.35 0.63 0.35
W 0.65 0.35 0.65 0.2
W 0.45 0.96 0.45 0.86
W 0.5 0.96 0.5 0.86
W 0.9 0.9 0.9 0.2
W 0.9 0.2 0.8 0.2
W 0.75 0.2 0.15 0.2
W 0.15 0.2 0.15 0.35
W 0.75 0.14 0.75 0.24
W 0.8 0.14 0.8 0.24
T 0.1 0.8
J 0.7 0.6